obj
80089.875
81167.04
82333.195
80104.17
80089.875
82464.91
82552.0
82450.61
82333.195
80089.875
82347.49
81993.63
83919.734
82464.91
82464.91
83816.62
82333.195
82333.195
82965.586
82333.195
82450.61
83802.32
82450.61
82450.61
91586.125
82333.195
80088.8
80089.875
80089.875
80104.17
82450.61
82450.61
81993.63
83919.734
82333.195
82347.49
82347.49
82450.61
82552.0
82450.61
82333.195
82450.61
82450.61
82333.195
82347.49
82341.46
82441.766
82333.195
82347.49
82333.195
83910.89
82333.195
82333.195
82347.49
82503.86
82450.61
82450.61
82450.61
82450.61
82333.195
82333.195
80089.875
82341.46
80104.17
82333.195
83802.32
82543.16
82333.195
82333.195
80104.17
80089.875
80089.875
81167.04
82333.195
82347.49
82333.195
82441.766
82464.91
83562.07
83934.03
82450.61
82333.195
82450.61
82450.61
82333.195
80104.17
82333.195
82450.61
82450.61
83802.32
82341.46
82341.46
82333.195
81911.72
82745.31
82450.61
82333.195
82333.195
83802.32
80089.875
82464.91
82333.195
83802.32
82347.49
83934.03
82333.195
82333.195
82333.195
82450.61
82450.61
83816.62
82450.61
82333.195
80089.875
80089.875
80104.17
83802.32
80089.875
80089.875
80089.875
82333.195
82333.195
82111.05
82450.61
80089.875
80089.875
83919.734
82464.91
83919.734
82450.61
82965.586
81993.63
80089.875
83462.76
82333.195
82333.195
82830.46
82745.31
83919.734
82333.195
82464.91
83919.734
81993.63
83802.32
82347.49
80089.875
80088.8
81993.63
82450.61
82745.31
82450.61
82450.61
82450.61
82566.3
79996.58
82347.49
83162.78
82552.0
82464.91
79996.58
82333.195
82111.05
82333.195
82333.195
81167.04
80089.875
80089.875
80104.17
83802.32
83919.734
82464.91
82450.61
82333.195
82333.195
82333.195
80104.17
82333.195
83802.32
82333.195
82333.195
82347.49
80089.875
81993.63
82341.46
82333.195
83462.76
80104.17
82341.46
82347.49
82347.49
83919.734
82450.61
83462.76
82566.3
81993.63
82450.61
82333.195
82965.586
82333.195
82341.46
83919.734
82450.61
82333.195
82464.91
82341.46
80104.17
82333.195
82333.195
82333.195
82347.49
82333.195
83612.6
82920.71
82965.586
80089.875
80089.875
82333.195
82333.195
82347.49
83816.62
83919.734
82333.195
82340.38
83816.62
82333.195
80089.875
82333.195
82347.49
80089.875
83580.17
82450.61
82450.61
82450.61
82450.61
82333.195
82441.766
82450.61
82029.13
82450.61
80104.17
80089.875
80089.875
81993.63
82347.49
82333.195
82347.49
83580.17
82333.195
82920.71
83802.32
82333.195
83802.32
83919.734
82450.61
82745.31
82450.61
82111.05
82464.91
82347.49
82333.195
83802.32
82627.9
81993.63
82347.49
82333.195
82450.61
83148.484
82450.61
82450.61
82347.49
82341.46
83802.32
83919.734
83462.76
82333.195
82333.195
82347.49
82333.195
83802.32
82333.195
82333.195
83802.32
80089.875
82450.61
82333.195
83919.734
82450.61
83919.734
83934.03
82347.49
83802.32
80104.17
82341.46
80089.875
80089.875
82552.0
82450.61
81993.63
83934.03
83016.12
82450.61
83919.734
82745.31
83919.734
81901.414
82111.05
82450.61
83802.32
82450.61
82450.61
82333.195
82347.49
82464.91
82333.195
82450.61
83802.32
82333.195
82333.195
80089.875
82341.46
83802.32
82333.195
83910.89
83802.32
82450.61
82347.49
82333.195
83802.32
83148.484
82333.195
82333.195
82333.195
82333.195
82450.61
82450.61
80104.17
82341.46
82333.195
82347.49
82552.0
83802.32
80089.875
82333.195
83802.32
81993.63
82333.195
82333.195
80104.17
80089.875
80089.875
82402.47
82450.61
82333.195
82441.766
82347.49
82333.195
82333.195
82450.61
83802.32
82333.195
82333.195
82450.61
82450.61
83016.12
82347.49
82333.195
82333.195
82627.9
79950.03
82450.61
82347.49
82965.586
82450.61
82333.195
82450.61
82450.61
83919.734
80088.8
82450.61
83816.62
80089.875
82333.195
82333.195
80088.8
82333.195
82333.195
82333.195
82627.9
82333.195
80089.875
82566.3
82464.91
84333.32
80104.17
83802.32
82333.195
82450.61
82333.195
82333.195
82450.61
82450.61
82464.91
82333.195
83923.68
82333.195
83802.32
82198.375
82347.49
82333.195
80089.875
80089.875
82552.0
82920.71
80093.82
82745.31
80093.82
82450.61
82333.195
80108.12
82347.49
79955.055
82333.195
82333.195
82450.61
83162.78
82333.195
82341.46
80089.875
83919.734
82450.61
83802.32
79955.055
82347.49
83802.32
82333.195
82333.195
82552.0
80089.875
82450.61
82337.14
83919.734
82464.91
82333.195
82450.61
80093.82
82333.195
82552.0
84333.32
82347.49
82333.195
82333.195
80093.82
82333.195
82333.195
82333.195
82341.46
83816.62
82333.195
80093.82
80104.17
82333.195
82333.195
82351.44
80089.875
82347.49
82333.195
82450.61
83816.62
80089.875
80089.875
80089.875
82341.46
82333.195
82347.49
83919.734
82450.61
80089.875
83802.32
80089.875
80089.875
82552.0
82450.61
82333.195
82450.61
82333.195
83148.484
80089.875
82450.61
82450.61
83802.32
82347.49
82347.49
83919.734
83148.484
82464.91
82830.46
82745.31
82450.61
82830.46
82333.195
82450.61
80093.82
82450.61
82450.61
82450.61
82450.61
80093.82
82333.195
82347.49
80089.875
82333.195
80104.17
82450.61
82450.61
82450.61
82333.195
82450.61
82464.91
83919.734
82333.195
82333.195
82464.91
82450.61
82450.61
82642.195
82347.49
82333.195
83919.734
82450.61
80093.82
82347.49
82337.14
82333.195
82333.195
82337.14
83562.07
80089.875
82450.61
82464.91
82450.61
82450.61
82333.195
82450.61
82450.61
83919.734
82333.195
83919.734
82464.91
82450.61
82450.61
82552.0
82333.195
82450.61
82333.195
82333.195
82333.195
82333.195
80089.875
82450.61
82450.61
82333.195
83148.484
82464.91
82333.195
80089.875
82347.49
82333.195
83919.734
82450.61
82347.49
82450.61
82347.49
83802.32
82333.195
82333.195
82450.61
82450.61
82450.61
80093.82
82345.41
82552.0
82552.0
82464.91
82552.0
82464.91
83806.266
82347.49
80089.875
82333.195
80104.17
82333.195
82450.61
82464.91
82333.195
82333.195
82347.49
82333.195
80089.875
83802.32
82454.555
82333.195
82450.61
82450.61
82464.91
82450.61
82464.91
82337.14
82333.195
82450.61
82464.91
82450.61
82333.195
82450.61
82450.61
82552.0
80093.82
83806.266
82333.195
82333.195
82341.46
80089.875
82333.195
82333.195
83802.32
82333.195
82646.14
82464.91
82450.61
82450.61
82337.14
82552.0
82965.586
82337.14
82341.46
80089.875
82450.61
79996.83
83919.734
82450.61
82450.61
83919.734
82566.3
82566.3
82450.61
82333.195
80089.875
82341.46
83802.32
82333.195
82337.14
82333.195
82333.195
82337.14
82450.61
83919.734
84333.32
83919.734
82450.61
82347.49
82240.15
82337.14
82333.195
82333.195
82464.91
82450.61
83802.32
83802.32
82464.91
80089.875
82333.195
82333.195
82333.195
82450.61
82333.195
82341.46
80089.875
83162.78
82830.46
82450.61
83919.734
82454.555
82450.61
80104.17
82333.195
83016.12
82450.61
80093.82
80089.875
80093.82
82450.61
83148.484
82552.0
81181.336
80089.875
81170.984
82333.195
82333.195
82450.61
83562.07
82566.3
82333.195
82450.61
81170.984
80088.8
82333.195
82333.195
82627.9
82552.0
82745.31
83802.32
82333.195
82333.195
82351.44
83937.98
82844.76
82454.555
82745.31
83562.07
80089.875
80089.875
83802.32
82333.195
82333.195
82333.195
82333.195
82333.195
82333.195
82347.49
80089.875
82450.61
83919.734
83802.32
83802.32
80089.875
80089.875
80104.17
82333.195
82333.195
80089.875
80089.875
83802.32
82347.49
82333.195
82333.195
82450.61
82450.61
83802.32
82450.61
82333.195
83919.734
82464.91
82333.195
80089.875
80089.875
82333.195
82347.49
82333.195
82333.195
82333.195
82830.46
82240.15
82464.91
83148.484
83919.734
82333.195
82450.61
82347.49
82450.61
82333.195
82333.195
82450.61
82454.555
82351.44
82450.61
83802.32
82333.195
82333.195
82337.14
82347.49
82627.9
80089.875
80089.875
82450.61
83806.266
82627.9
82333.195
82337.14
82240.15
80089.875
80089.875
82347.49
82333.195
82333.195
82627.9
80093.82
82745.31
82450.61
82333.195
83919.734
79013.266
82347.49
82333.195
80089.875
82240.15
82450.61
82566.3
83937.98
82337.14
82454.555
82333.195
82450.61
82566.3
82333.195
80089.875
82333.195
82450.61
82347.49
82333.195
82920.71
82965.586
82450.61
83802.32
82450.61
82450.61
82347.49
82333.195
82240.15
80089.875
82627.9
82333.195
82333.195
82347.49
82450.61
82333.195
80089.875
82830.46
84383.85
82254.445
82450.61
82337.14
82450.61
82450.61
82450.61
82450.61
83802.32
82333.195
82333.195
83802.32
84333.32
82450.61
82450.61
82450.61
82333.195
80089.875
80089.875
82333.195
82450.61
82333.195
82450.61
82333.195
82333.195
82347.49
83802.32
83919.734
82347.49
82333.195
82450.61
82347.49
82333.195
82454.555
83562.07
82965.586
83562.07
82920.71
82450.61
82450.61
82450.61
82347.49
83919.734
79996.58
82333.195
82450.61
83919.734
82464.91
83806.266
82450.61
82450.61
82333.195
82464.91
82450.61
83919.734
82347.49
82830.46
82552.0
82745.31
82464.91
80108.12
82347.49
83919.734
82464.91
82333.195
82965.586
82450.61
82333.195
82450.61
83919.734
82552.0
83816.62
82454.555
82333.195
80089.875
80104.17
83802.32
82333.195
82333.195
82627.9
82454.555
82333.195
82450.61
80089.875
80089.875
81167.04
83919.734
82464.91
82333.195
84337.266
82834.41
82333.195
82965.586
83802.32
82333.195
82333.195
82450.61
82347.49
83816.62
82347.49
82333.195
80088.8
82333.195
82450.61
80104.17
82450.61
82333.195
82555.945
82333.195
82830.46
82450.61
82450.61
82464.91
80108.12
80089.875
80089.875
83919.734
81167.04
82347.49
82333.195
82333.195
82333.195
82333.195
82337.14
80104.17
83802.32
80089.875
81167.04
80089.875
82341.46
82333.195
82333.195
82333.195
83462.76
82333.195
80089.875
83816.62
82347.49
82450.61
82347.49
82333.195
82333.195
82464.91
82450.61
82464.91
80089.875
80089.875
83919.734
82454.555
82333.195
82333.195
82333.195
82450.61
83934.03
80104.17
80089.875
80089.875
80089.875
82333.195
82450.61
82333.195
80089.875
80089.875
83816.62
82454.555
82333.195
82333.195
82464.91
80089.875
76961.77
82333.195
82333.195
82333.195
82333.195
83919.734
82347.49
82384.08
82347.49
82333.195
82454.555
82333.195
80104.17
82333.195
82347.49
82441.766
82333.195
82333.195
82337.14
82333.195
82450.61
82450.61
82450.61
82333.195
83806.266
82333.195
80089.875
82347.49
82333.195
82333.195
82920.71
82552.0
83919.734
82552.0
82450.61
82552.0
82450.61
82464.91
82333.195
80089.875
83806.266
82450.61
82631.84
82337.14
82965.586
82965.586
82552.0
82552.0
82965.586
84333.32
82450.61
82450.61
82450.61
82450.61
82347.49
82333.195
82333.195
80089.875
82333.195
82450.61
82450.61
82450.61
82240.15
80104.17
80089.875
80089.875
80089.875
82844.76
82450.61
82464.91
82333.195
80089.875
82337.14
82333.195
82333.195
82333.195
82552.0
80089.875
82333.195
82454.555
82450.61
83919.734
82450.61
82333.195
82333.195
82749.26
82333.195
82347.49
82384.08
80089.875
82333.195
82333.195
82834.41
83802.32
82333.195
82341.46
80104.17
80089.875
82450.61
82333.195
82351.44
82333.195
82552.0
82333.195
82347.49
80104.17
82341.46
82450.61
83919.734
82450.61
82450.61
83802.32
82450.61
82347.49
82450.61
83919.734
80093.82
82450.61
82333.195
82450.61
80089.875
82337.14
82464.91
82745.31
83919.734
82450.61
83919.734
82450.61
82450.61
82341.46
80089.875
83802.32
82333.195
80089.875
80089.875
82333.195
83919.734
82450.61
80089.875
83816.62
83802.32
83802.32
82347.49
83802.32
82347.49
82347.49
82450.61
82347.49
82450.61
82333.195
82759.61
82333.195
80089.875
82464.91
82333.195
82333.195
82347.49
80089.875
80089.875
82333.195
82333.195
82642.195
82333.195
82333.195
82333.195
82347.49
82745.31
82347.49
80089.875
80089.875
82333.195
80089.875
82333.195
80089.875
80089.875
82333.195
82333.195
83802.32
83919.734
82450.61
82745.31
82464.91
82333.195
82333.195
82333.195
82333.195
82333.195
80089.875
82333.195
80089.875
82333.195
80089.875
80093.82
82347.49
82333.195
82333.195
82333.195
82333.195
83802.32
82345.41
80093.82
82333.195
82450.61
82345.41
83802.32
82333.195
82347.49
82552.0
83919.734
82333.195
82464.91
80089.875
82333.195
82333.195
82337.14
83802.32
82333.195
82347.49
82450.61
82566.3
82333.195
82450.61
83919.734
82450.61
80104.17
82341.46
82333.195
82333.195
80089.875
80104.17
82333.195
82450.61
82450.61
80089.875
82333.195
82450.61
82552.0
83148.484
82566.3
82464.91
82450.61
82454.555
82834.41
82464.91
82965.586
82485.47
82570.24
82333.195
82333.195
82333.195
83919.734
82333.195
83802.32
80089.875
82357.56
81167.04
80089.875
83148.484
83923.68
82450.61
82333.195
82333.195
82759.61
82333.195
82341.46
82333.195
80089.875
82333.195
82333.195
80089.875
82333.195
80089.875
80089.875
82450.61
82450.61
82552.0
83562.07
82341.46
82333.195
80089.875
80089.875
82333.195
82333.195
82965.586
82333.195
82333.195
82333.195
80089.875
82450.61
82450.61
82333.195
82333.195
82347.49
83162.78
82333.195
82642.195
83802.32
82468.85
82333.195
80089.875
82333.195
82464.91
83802.32
82450.61
82450.61
82333.195
82337.14
80089.875
82333.195
82642.195
82450.61
82333.195
80089.875
80104.17
83162.78
82552.0
82552.0
84333.32
82965.586
82450.61
82450.61
82464.91
82468.85
82450.61
82450.61
82464.91
82450.61
82450.61
82357.56
82341.46
82333.195
82347.49
82333.195
82333.195
80089.875
80089.875
82341.46
80089.875
82341.46
82347.49
80089.875
83802.32
82450.61
82333.195
82355.76
80089.875
80089.875
80089.875
80089.875
82018.83
80089.875
80089.875
82920.71
83919.734
83919.734
82464.91
82464.91
82450.61
82333.195
82333.195
82333.195
82450.61
80633.85
82347.49
82450.61
82464.91
82333.195
82333.195
80089.875
82333.195
82333.195
82333.195
82450.61
83934.03
82830.46
82450.61
82333.195
80089.875
80089.875
80089.875
80093.82
82333.195
82333.195
82337.14
82333.195
82337.14
83802.32
80104.17
82333.195
82357.56
82347.49
82450.61
82333.195
82464.91
82333.195
82347.49
82333.195
82371.86
82333.195
82450.61
82347.49
82450.61
83934.03
82454.555
82333.195
83802.32
80089.875
82355.76
82341.46
82341.46
82566.3
82920.71
82333.195
82347.49
82333.195
82333.195
82333.195
82464.91
83919.734
83802.32
82830.46
82450.61
82333.195
82333.195
83919.734
82333.195
80089.875
80089.875
82450.61
82450.61
83919.734
82450.61
80089.875
80089.875
83919.734
82920.71
82450.61
83919.734
83919.734
82333.195
82384.08
80089.875
83937.98
82450.61
83910.89
82844.76
82333.195
82464.91
82337.14
82627.9
82337.14
80089.875
80089.875
83910.89
82333.195
83919.734
83919.734
82450.61
83162.78
83919.734
83802.32
82347.49
82333.195
82450.61
82333.195
83919.734
82333.195
82965.586
82552.0
82333.195
82333.195
82333.195
82333.195
82627.9
82347.49
82333.195
82333.195
82450.61
82552.0
82965.586
83919.734
82355.76
82333.195
82830.46
83919.734
82450.61
82450.61
82450.61
82450.61
83919.734
82450.61
83802.32
82333.195
82333.195
82333.195
82333.195
82920.71
82450.61
81167.04
82450.61
82333.195
83919.734
82333.195
82965.586
82965.586
82333.195
82341.46
80104.17
80089.875
80089.875
80089.875
82347.49
82450.61
82333.195
82347.49
82450.61
79996.83
82464.91
83802.32
82347.49
83934.03
82450.61
82333.195
82333.195
82347.49
83802.32
82333.195
82333.195
80089.875
82333.195
82450.61
82333.195
83802.32
82351.44
82450.61
81167.04
80104.17
80089.875
82357.56
80089.875
80089.875
82333.195
80089.875
80089.875
82341.46
83919.734
82745.31
82965.586
82337.14
82333.195
82333.195
82333.195
83919.734
80104.17
83919.734
82450.61
82337.14
82337.14
82450.61
82333.195
82450.61
82333.195
82240.15
82450.61
82347.49
82240.15
82333.195
82333.195
82333.195
83802.32
83919.734
82333.195
82347.49
83802.32
83802.32
82333.195
82333.195
82464.91
82450.61
82759.61
84333.32
82745.31
82450.61
80089.875
81167.04
82450.61
82333.195
82333.195
82333.195
82347.49
82333.195
82347.49
82333.195
82333.195
80104.17
80089.875
82333.195
82627.9
82450.61
82450.61
82450.61
82450.61
82450.61
83919.734
82450.61
82333.195
82333.195
83802.32
82627.9
83923.68
80089.875
80089.875
81167.04
82333.195
82333.195
80089.875
82450.61
82450.61
82333.195
82450.61
82464.91
82450.61
82745.31
82333.195
82347.49
82333.195
82450.61
82450.61
82450.61
82450.61
82464.91
82347.49
80089.875
80089.875
82347.49
82240.15
82333.195
82441.766
82333.195
82965.586
82450.61
82745.31
80089.875
82333.195
82333.195
82333.195
82333.195
82347.49
80093.82
82333.195
82464.91
82464.91
82745.31
82464.91
82450.61
82450.61
82333.195
82333.195
82450.61
82450.61
83802.32
80089.875
82555.945
82333.195
82333.195
80089.875
82333.195
82333.195
82454.555
80089.875
82450.61
83802.32
82333.195
82347.49
82830.46
82450.61
82566.3
82450.61
82333.195
82333.195
82347.49
82333.195
82337.14
82333.195
82450.61
80089.875
80104.17
83562.07
82552.0
83934.03
82499.766
82450.61
82450.61
82552.0
82450.61
82450.61
82333.195
82333.195
80104.17
80089.875
83919.734
83802.32
83802.32
82347.49
82333.195
82450.61
82552.0
82333.195
82450.61
82450.61
82464.91
82450.61
83923.68
82450.61
83919.734
83802.32
82450.61
82454.555
82844.76
82450.61
82450.61
82745.31
82450.61
83934.03
82566.3
82552.0
82333.195
82450.61
82552.0
82450.61
80038.9
82450.61
82342.26
82450.61
82333.195
82333.195
82450.61
82464.91
83148.484
82405.75
82333.195
82333.195
82450.61
82450.61
82333.195
82347.49
82333.195
82347.49
82830.46
82450.61
82333.195
82347.49
82465.7
82642.195
82333.195
83802.32
80089.875
82333.195
82333.195
82627.9
80089.875
82341.46
82920.71
82464.91
82450.61
82333.99
82333.195
83919.734
82333.195
82642.99
82552.0
83919.734
82450.61
83802.32
82627.9
82333.195
82333.195
80089.875
82333.195
80089.875
80104.17
82347.49
82333.195
82333.195
82333.195
82333.195
82450.61
82333.195
82627.9
82333.195
82333.195
82450.61
82450.61
82333.195
83920.53
82464.91
83016.12
84333.32
82450.61
83802.32
82333.195
80104.97
82450.61
83919.734
82566.3
82552.0
82830.46
83934.03
82450.61
82333.195
80089.875
82830.46
82333.195
82830.46
82627.9
83802.32
82348.29
82450.61
82240.836
82333.195
80089.875
80089.875
82759.61
82333.195
82450.61
82464.91
83919.734
83802.32
82333.195
82333.195
82333.195
83919.734
87944.57
82552.0
82333.195
82450.61
82450.61
82450.61
82465.7
82450.61
82450.61
82552.0
82333.99
83919.734
82920.71
84333.32
82450.61
80090.67
82341.46
82552.0
83016.12
82347.49
83919.734
82965.586
83919.734
82552.0
82333.195
82347.49
82450.61
82464.91
82333.195
82333.99
82333.195
82333.195
82347.49
80104.17
82333.195
83802.32
82333.195
82450.61
82450.61
82333.195
82240.836
84333.32
82965.586
82745.31
82333.195
82333.195
82627.9
82333.99
80089.875
82341.46
82450.61
82450.61
82450.61
83919.734
82450.61
80089.875
80089.875
80089.875
82450.61
82333.195
83816.62
80089.875
82333.195
82450.61
82464.91
80089.875
80089.875
80089.875
82552.0
83562.07
83919.734
82627.9
83802.32
82333.195
83016.12
82830.46
82341.46
82627.9
80089.875
82333.195
80089.875
82333.195
82450.61
82450.61
82451.41
82745.31
82450.61
82761.23
81993.63
82333.195
80089.875
81993.63
82333.195
80089.875
80104.17
82451.41
82347.49
82333.195
82347.49
82450.61
82464.91
82333.195
80089.875
80089.875
80089.875
85778.09
80089.875
82333.195
82333.195
83817.414
82450.61
82333.99
82450.61
82450.61
80089.875
82450.61
82450.61
82643.81
82450.61
82333.195
82450.61
82333.195
82333.195
82333.195
82552.0
82552.0
82464.91
82441.766
82464.91
83016.12
82552.0
82347.49
82450.61
84333.32
83562.07
82333.195
82333.195
80089.875
82333.195
82450.61
82342.26
82450.61
82450.61
82450.61
82341.46
80104.17
83016.914
83562.87
82347.49
82464.91
82450.61
82450.61
84334.12
83919.734
82333.195
83802.32
82830.46
82450.61
82341.46
83141.08
80089.875
82333.195
80089.875
80089.875
82333.195
82333.195
82333.195
82333.195
83562.07
82965.586
82450.61
83816.62
82450.61
82450.61
82450.61
82450.61
83802.32
82464.91
82333.195
82333.195
82450.61
83919.734
82552.0
82324.76
82552.0
84333.32
82920.71
82965.586
83562.07
82450.61
80089.875
82830.46
80089.875
82333.195
82333.195
82333.195
84333.32
80104.17
82333.195
80089.875
82347.49
82333.195
82333.195
83816.62
80089.875
82333.195
82450.61
83919.734
82450.61
82450.61
83802.32
82333.195
83934.83
82450.61
82464.91
82745.31
83919.734
82450.61
82333.195
82464.91
82347.49
82333.195
82333.195
82333.195
82333.195
83802.32
82333.195
82347.49
82347.49
80089.875
80089.875
82333.195
82348.29
82552.0
83802.32
82333.99
82333.195
82333.195
82464.91
82745.31
82745.31
82333.195
80089.875
80089.875
80089.875
80104.97
82627.9
82333.195
82347.49
80090.67
82333.195
82341.46
80089.875
82333.195
83802.32
80104.17
80089.875
82333.195
83802.32
82333.195
82450.61
82347.49
82347.49
82450.61
80089.875
80089.875
80089.875
82333.195
82464.91
82450.61
82552.0
82552.0
82761.23
82450.61
82627.9
82333.195
82333.195
82333.99
82333.99
82965.586
82464.91
82643.81
82333.195
82450.61
82450.61
82347.49
82450.61
82450.61
83919.734
82450.61
82333.195
82643.81
80089.875
82333.195
82333.195
82450.61
82333.195
83919.734
82450.61
80089.875
80089.875
82464.91
82333.195
80400.49
80090.67
82333.195
82450.61
82450.61
82450.61
82333.195
82333.195
82333.195
82333.195
80089.875
80089.875
80089.875
82333.99
82333.195
82450.61
82348.29
82333.195
82347.49
82333.195
82642.195
83919.734
82643.81
83919.734
83802.32
82450.61
82333.195
82348.29
82341.46
80089.875
80089.875
80089.875
80089.875
83934.03
82745.31
84333.32
82333.195
82333.195
82450.61
82333.195
82333.195
82627.9
80089.875
83802.32
80089.875
82333.195
82746.11
82347.49
82347.49
82333.195
82450.61
82450.61
82333.195
83802.32
80089.875
80089.875
82450.61
82333.195
82333.195
82347.49
82450.61
82347.49
82333.195
82333.195
82333.195
82333.195
82333.195
82450.61
82333.99
82450.61
82450.61
82347.49
82333.195
82450.61
82450.61
82333.195
82333.195
82333.195
82333.195
83148.484
83816.62
82450.61
82333.195
82333.99
82333.195
82333.195
83919.734
82450.61
83919.734
80089.875
83802.32
80089.875
82441.766
82347.49
82333.195
82347.49
83802.32
82451.41
82333.195
82333.195
83910.89
82333.195
80089.875
82347.49
82341.46
80089.875
80089.875
82333.195
82341.46
80089.875
82450.61
83016.12
82333.99
83148.484
83919.734
82450.61
80081.44
83802.32
82333.195
80089.875
82347.49
82342.26
83802.32
82333.195
82333.195
83816.62
82552.0
82450.61
83016.12
82450.61
83919.734
82450.61
82965.586
82566.3
82450.61
82347.49
82333.195
82333.195
80089.875
83802.32
82464.91
82450.61
82333.195
80089.875
82333.195
82746.11
82333.195
82451.41
83919.734
82442.17
82450.61
83919.734
82450.61
82451.41
82450.61
82333.195
82333.195
82347.49
82347.49
82333.99
82333.195
82333.195
80089.875
82450.61
82761.23
82450.61
82450.61
82451.41
80089.875
80089.875
82333.195
82333.195
80089.875
82450.61
82450.61
82450.61
82450.61
82451.41
83802.32
82333.195
80089.875
80104.17
80089.875
82450.61
82450.61
80104.17
84333.32
82920.71
82552.0
83919.734
82643.81
82450.61
82745.31
82450.61
82333.99
82965.586
81167.04
82333.195
82333.195
80104.17
82333.195
82347.49
82465.7
80089.875
80089.875
82822.02
82450.61
82451.41
82333.195
82465.7
83919.734
82450.61
82450.61
82450.61
82464.91
82333.195
82333.195
82333.99
83919.734
82745.31
82464.91
82355.76
82342.26
81167.04
82830.46
82450.61
82333.195
82844.76
82333.195
82761.23
82333.195
82333.195
82333.195
81167.04
83802.32
82450.61
82333.195
82761.23
81911.72
82333.195
82333.195
83802.32
82333.195
82450.61
80089.875
80089.875
80089.875
82333.195
82333.195
82464.91
82450.61
82450.61
82333.195
82347.49
82450.61
82464.91
83148.484
82450.61
82450.61
82333.195
82333.195
82333.195
82333.195
82450.61
82450.61
82450.61
82464.91
83802.32
82552.0
82450.61
82464.91
82333.195
82450.61
82627.9
83802.32
82333.195
83802.32
82450.61
82333.195
82450.61
82627.9
82347.49
82450.61
82450.61
82830.46
82450.61
82333.195
82450.61
82450.61
82450.61
82333.195
82333.195
82333.195
82333.195
83934.03
82464.91
82347.49
83802.32
82333.195
82450.61
82450.61
82450.61
81181.336
80089.875
82450.61
82450.61
80089.875
82450.61
82993.38
82450.61
82745.31
82450.61
82450.61
80089.875
82347.49
82347.49
82347.49
83802.32
80089.875
82451.41
82341.46
82341.46
82450.61
83919.734
82333.195
82341.46
82450.61
84383.85
83802.32
82450.61
82450.61
82333.195
83802.32
82333.195
82333.195
82333.195
82450.61
80089.875
80089.875
82450.61
82464.91
82347.49
82333.195
82333.195
82450.61
82450.61
80104.17
83920.53
82341.46
80104.17
80104.17
82333.195
82333.195
82450.61
82642.195
83802.32
82333.195
82451.41
82450.61
82333.195
82347.49
80089.875
82844.76
82450.61
82347.49
82333.195
82450.61
82450.61
82450.61
80089.875
80104.17
83802.32
82333.195
83919.734
82450.61
82333.195
82333.195
80089.875
82333.195
82746.11
82450.61
82450.61
82450.61
82627.9
82761.23
82552.0
83462.76
81993.63
82450.61
82830.46
83934.03
82965.586
82333.195
82965.586
83919.734
82451.41
83816.62
82761.23
80089.875
82450.61
82333.195
83802.32
82333.195
82333.195
82450.61
82464.91
82830.46
82552.0
82451.41
83919.734
80089.875
82450.61
82333.99
82347.49
82333.99
82333.195
82333.195
83816.62
80089.875
80104.17
82333.195
82627.9
82333.195
82333.195
82333.195
82450.61
83802.32
82450.61
82333.195
82464.91
82333.195
82450.61
82464.91
82333.195
82333.195
83802.32
82342.26
80090.67
82333.195
80089.875
83562.07
82450.61
80104.17
82355.76
83919.734
82450.61
82450.61
80089.875
82333.99
82347.49
82333.195
83919.734
82333.99
82333.195
82333.195
83919.734
82333.195
82333.195
82450.61
82450.61
82566.3
82450.61
82333.195
82029.13
82450.61
82450.61
82450.61
82333.195
82333.195
82347.49
82451.41
82333.195
82333.195
82450.61
82333.195
82347.49
82333.195
83802.32
82746.11
82552.0
82566.3
82347.49
82333.195
83816.62
82333.195
80089.875
80089.875
80089.875
80089.875
80089.875
82347.49
82450.61
83934.03
82745.31
81993.63
82552.0
82450.61
83919.734
83016.12
83562.07
84333.32
82745.31
82464.91
82745.31
82333.195
82333.195
80089.875
82333.195
82333.195
82333.195
82333.195
82333.195
83934.03
82333.195
82333.195
82333.195
82347.49
83162.78
82464.91
83919.734
83148.484
82552.0
82830.46
82552.0
83148.484
83148.484
83919.734
82347.49
82333.195
82450.61
82450.61
82450.61
82552.0
82333.195
82450.61
82333.195
82333.195
83802.32
82333.195
82450.61
82333.195
82451.41
82333.195
82333.99
82347.49
82333.195
80104.17
82464.91
83816.62
80089.875
80104.17
82333.195
82761.23
82745.31
82450.61
82450.61
82333.195
83802.32
82347.49
83919.734
82450.61
82450.61
82333.195
82333.99
83919.734
82450.61
82333.195
83802.32
82333.195
82450.61
82450.61
82830.46
82450.61
82450.61
82333.195
82333.195
82552.0
82464.91
82347.49
82830.46
82965.586
82552.0
80089.875
82341.46
83802.32
82627.9
82450.61
83802.32
83919.734
83802.32
82347.49
82355.76
82333.195
80089.875
82450.61
82333.195
82333.195
82333.195
82333.195
82333.195
80089.875
82333.195
82745.31
82830.46
82552.0
83934.83
82450.61
82347.49
83919.734
82464.91
83562.07
82552.0
82628.695
82333.195
82333.195
82552.0
82450.61
82830.46
82450.61
82450.61
83802.32
80089.875
82450.61
83816.62
82333.195
82347.49
82333.195
82333.195
83802.32
82333.195
82333.195
83802.32
83802.32
82333.195
82450.61
82450.61
83919.734
82552.0
82552.0
82450.61
80089.875
80089.875
83802.32
82347.49
82642.195
82341.46
82341.46
82450.61
82552.0
82965.586
82333.99
80104.17
83802.32
82333.195
82450.61
82450.61
82333.195
82348.29
82450.61
82450.61
82450.61
83802.32
80089.875
82450.61
82464.91
82333.195
82464.91
82333.99
81181.336
82333.195
82830.46
82464.91
82450.61
82464.91
82450.61
82552.0
82450.61
82333.195
82450.61
83919.734
82745.31
82450.61
83802.32
82333.195
82450.61
82333.195
82333.195
82347.49
82333.99
83919.734
82333.195
83802.32
83802.32
82333.195
82333.195
80089.875
82333.195
83148.484
82566.3
82464.91
83802.32
82759.61
82552.0
82464.91
82464.91
82450.61
83919.734
83803.12
80104.17
83802.32
82450.61
82627.9
82333.195
82341.46
80089.875
82333.195
82451.41
82451.41
82552.0
82450.61
82761.23
82450.61
83803.12
82355.76
82333.195
82324.76
82333.195
82333.195
82333.195
82333.195
80089.875
80089.875
82333.195
82450.61
83919.734
82450.61
82333.195
83919.734
80089.875
83802.32
82441.766
80081.44
82830.46
82450.61
80089.875
80089.875
82450.61
82333.195
83802.32
82450.61
82450.61
83802.32
82333.195
82333.195
82347.49
82450.61
82642.195
82333.195
82450.61
82451.41
82333.195
82450.61
82111.05
82333.195
82333.195
82566.3
83919.734
82333.195
82333.195
82464.91
82333.195
83016.12
82965.586
83016.12
80089.875
82627.9
82347.49
82450.61
82333.195
82627.9
84333.32
82552.0
82450.61
82347.49
82333.195
83802.32
82464.91
83919.734
82347.49
83148.484
82464.91
83148.484
82552.0
82450.61
82450.61
82450.61
83802.32
82450.61
83919.734
82333.195
82450.61
83802.32
82450.61
83919.734
82333.195
82333.195
82347.49
82333.195
82464.91
82333.195
82333.195
82333.195
82333.195
82450.61
83802.32
82450.61
82450.61
82450.61
82333.195
82333.195
82333.195
82333.195
83934.03
82552.0
82450.61
82450.61
82333.195
82333.195
83919.734
83919.734
82450.61
80089.875
82333.195
83919.734
82450.61
82333.195
80089.875
83802.32
82745.31
82450.61
82347.49
82347.49
82333.195
82333.195
80104.17
82333.195
82450.61
80089.875
83016.12
82627.9
81181.336
82333.195
80104.17
81167.04
82333.195
82347.49
82450.61
82450.61
82965.586
83816.62
82552.0
82736.47
82450.61
82450.61
82333.195
82347.49
82450.61
82450.61
82333.195
82333.195
82450.61
82333.195
82333.195
82333.195
82450.61
82464.91
82450.61
82347.49
82759.61
83802.32
82333.195
82464.91
82333.195
82333.195
82347.49
82333.195
82464.91
82464.91
82333.195
82333.195
82333.195
83919.734
82450.61
82450.61
82450.61
82333.195
82347.49
82450.61
82450.61
82745.31
82450.61
82759.61
83802.32
82464.91
82759.61
82830.46
82450.61
82333.195
82450.61
82450.61
82464.91
82333.195
83802.32
83802.32
82333.195
83802.32
82333.195
82464.91
82333.195
82464.91
82333.195
82333.195
83148.484
82965.586
82965.586
82333.195
80104.17
80089.875
82347.49
82627.9
82333.195
82450.61
82333.195
83802.32
82333.195
80089.875
80089.875
80089.875
82347.49
82333.195
82450.61
82552.0
82920.71
82450.61
82464.91
82333.195
82333.195
82341.46
82333.195
82450.61
82464.91
82333.195
82347.49
82844.76
82450.61
82745.31
82450.61
82464.91
82464.91
82450.61
82450.61
82552.0
82552.0
82464.91
84333.32
83016.12
83802.32
82627.9
82333.195
82464.91
82333.195
82333.195
82450.61
80089.875
80104.17
80089.875
82627.9
82464.91
82830.46
82333.195
82333.195
80089.875
82830.46
83919.734
82333.195
82333.195
82450.61
82745.31
82333.195
80089.875
82450.61
82333.195
82450.61
82333.195
82347.49
83919.734
83802.32
82333.195
83802.32
82333.195
82333.195
82333.195
82333.195
82450.61
83802.32
82333.195
82627.9
82450.61
82450.61
82450.61
82552.0
82920.71
82464.91
82920.71
82552.0
83919.734
82450.61
80089.875
83802.32
80089.875
82333.195
82333.195
82333.195
82333.195
83919.734
80089.875
82333.195
84333.32
82333.195
82627.9
82450.61
82566.3
82552.0
82464.91
83919.734
82333.195
82347.49
82333.195
82333.195
81181.336
80089.875
80089.875
80089.875
82333.195
82333.195
82450.61
82333.195
82333.195
82333.195
82464.91
82552.0
82333.195
82627.9
82450.61
80104.17
80089.875
83919.734
82464.91
82627.9
80089.875
83802.32
80089.875
82333.195
82333.195
82627.9
82450.61
82464.91
82464.91
83919.734
82450.61
83919.734
82464.91
82333.195
82333.195
82333.195
82333.195
82333.195
82333.195
82464.91
82450.61
82333.195
82464.91
83919.734
82450.61
82464.91
83919.734
82965.586
82552.0
82333.195
82450.61
82464.91
82830.46
82830.46
83919.734
82464.91
82450.61
82347.49
80089.875
82333.195
82450.61
82450.61
83148.484
82450.61
82830.46
82450.61
83802.32
83802.32
82347.49
82347.49
80089.875
82333.195
82450.61
82450.61
82333.195
82464.91
83802.32
82347.49
82347.49
82333.195
82450.61
82450.61
83162.78
83919.734
82333.195
82333.195
84333.32
82965.586
82759.61
83016.12
82450.61
82965.586
83919.734
82830.46
82333.195
82642.195
82464.91
82333.195
82627.9
82333.195
82347.49
82450.61
82333.195
82552.0
82627.9
82333.195
82347.49
82464.91
82333.195
82450.61
83162.78
82552.0
82566.3
82450.61
82333.195
83802.32
82450.61
82450.61
80089.875
80089.875
83016.12
83802.32
82333.195
82333.195
84333.32
83802.32
82333.195
80089.875
80089.875
83802.32
82450.61
82627.9
82333.195
82347.49
82450.61
82745.31
83919.734
82450.61
82333.195
82347.49
84383.85
82464.91
82627.9
82464.91
82450.61
82347.49
82464.91
82333.195
83802.32
82450.61
82450.61
83919.734
82450.61
82464.91
82464.91
83816.62
82450.61
83802.32
82450.61
82333.195
82552.0
82450.61
83919.734
82333.195
82450.61
82745.31
83162.78
82450.61
82450.61
82450.61
82450.61
82333.195
82347.49
82450.61
83162.78
82566.3
84383.85
82450.61
82450.61
82450.61
82333.195
82333.195
82333.195
83802.32
82333.195
82333.195
82333.195
82333.195
82333.195
82566.3
82552.0
82920.71
82333.195
82333.195
83802.32
82333.195
82347.49
82333.195
82333.195
82333.195
83802.32
83934.03
82450.61
82450.61
82333.195
82347.49
80089.875
82347.49
82333.195
82333.195
82450.61
82450.61
82333.195
82333.195
82333.195
82347.49
83162.78
82745.31
82464.91
82464.91
82450.61
82464.91
82347.49
80089.875
82642.195
82333.195
82965.586
82830.46
82450.61
80089.875
82464.91
82830.46
82450.61
82333.195
82333.195
80089.875
81167.04
80089.875
83802.32
82333.195
82333.195
82333.195
82347.49
82450.61
82464.91
82333.195
82333.195
82450.61
82965.586
82627.9
82450.61
80104.17
83802.32
82627.9
82450.61
83919.734
82450.61
82745.31
83919.734
82450.61
82464.91
80089.875
80089.875
82450.61
82450.61
82464.91
80089.875
83816.62
82333.195
82333.195
82333.195
80104.17
82333.195
82333.195
82333.195
82450.61
82450.61
82552.0
82844.76
82552.0
82450.61
82333.195
82333.195
82347.49
82333.195
82450.61
82464.91
82347.49
83919.734
82450.61
82450.61
83148.484
82844.76
80089.875
80089.875
80089.875
82347.49
83802.32
82441.766
82450.61
82450.61
82464.91
82450.61
82450.61
82450.61
82552.0
82759.61
82450.61
82464.91
80089.875
80089.875
80089.875
82347.49
83802.32
82450.61
82333.195
82333.195
82333.195
82333.195
80089.875
82450.61
82333.195
82450.61
82450.61
82450.61
82566.3
82450.61
82745.31
82450.61
82333.195
82333.195
82566.3
82450.61
82745.31
82464.91
82333.195
82333.195
82920.71
80089.875
82450.61
83919.734
82450.61
83919.734
82552.0
82920.71
82450.61
82333.195
82333.195
82450.61
82333.195
82450.61
82450.61
82736.47
80089.875
82341.46
81181.336
82341.46
80089.875
80089.875
82347.49
82333.195
82450.61
80089.875
82333.195
82450.61
82464.91
80089.875
80104.17
82333.195
80089.875
82333.195
82333.195
82333.195
82347.49
82627.9
82333.195
83802.32
82450.61
82333.195
83919.734
82450.61
82347.49
82566.3
83148.484
83919.734
82450.61
82450.61
82450.61
82450.61
82450.61
80089.875
82333.195
83148.484
80089.875
83919.734
83934.03
83919.734
82333.195
82333.195
82642.195
82333.195
82333.195
82844.76
82450.61
82552.0
82745.31
82333.195
82347.49
83919.734
82333.195
82333.195
82347.49
82402.47
82333.195
82347.49
83802.32
82333.195
83816.62
82333.195
82464.91
80089.875
82333.195
82450.61
83919.734
82745.31
82450.61
83919.734
82333.195
83919.734
82745.31
83919.734
82450.61
82450.61
82333.195
82759.61
83919.734
82333.195
82627.9
82333.195
82552.0
82450.61
82333.195
82347.49
82450.61
82333.195
82333.195
82333.195
82464.91
83802.32
82844.76
80089.875
82464.91
84572.02
82341.46
82965.586
82333.195
82464.91
83204.29
83562.07
83204.29
82464.91
80104.17
82464.91
82333.195
80089.875
80089.875
82333.195
83816.62
83802.32
82347.49
82450.61
83204.29
82552.0
82745.31
82450.61
82333.195
80089.875
82450.61
82333.195
82347.49
83919.734
82333.195
82450.61
83802.32
82920.71
82965.586
82965.586
82450.61
82450.61
82333.195
82745.31
82627.9
82450.61
82450.61
80089.875
81181.336
82552.0
82450.61
82333.195
82341.46
83802.32
83802.32
82450.61
82450.61
80089.875
82333.195
82333.195
80089.875
82333.195
80089.875
82450.61
82450.61
82450.61
82830.46
82965.586
83802.32
83816.62
80089.875
82333.195
83919.734
82464.91
82450.61
82450.61
82450.61
82347.49
83802.32
82464.91
82552.0
82830.46
82333.195
82333.195
82450.61
82464.91
80104.17
82450.61
82333.195
83919.734
82450.61
82965.586
82450.61
82347.49
82830.46
83802.32
82745.31
82333.195
80089.875
80089.875
83802.32
82464.91
82450.61
82333.195
82450.61
82464.91
82464.91
82464.91
82333.195
82333.195
82433.74
81993.63
82844.76
82844.76
82450.61
82552.0
82450.61
82450.61
82450.61
82450.61
83919.734
82450.61
82464.91
82552.0
82333.195
82333.195
83802.32
83148.484
82450.61
82450.61
82450.61
82333.195
82450.61
80089.875
82355.76
79013.266
80089.875
82333.195
82333.195
82333.195
82347.49
82450.61
80089.875
82333.195
82333.195
82333.195
80089.875
80089.875
82341.46
82333.195
82333.195
82333.195
82355.76
82341.46
82333.195
80089.875
80089.875
82450.61
82333.195
82333.195
80104.17
82450.61
82450.61
82333.195
82288.164
82333.195
82333.195
83802.32
83802.32
82450.61
80104.17
83802.32
80089.875
80104.17
80089.875
82341.46
82333.195
82333.195
82347.49
80104.17
80089.875
82347.49
82333.195
80104.17
80089.875
80089.875
82333.195
80089.875
80089.875
80089.875
82333.195
80089.875
82450.61
80089.875
80089.875
80104.17
80089.875
83919.734
75266.375
80089.875
82273.87
80104.17
82333.195
82333.195
82347.49
82333.195
82333.195
82464.91
82341.46
82341.46
80089.875
80089.875
80089.875
80089.875
80089.875
82341.46
82333.195
82333.195
82333.195
80104.17
80089.875
82333.195
82347.49
82333.195
82341.46
82333.195
82450.61
82450.61
82333.195
82333.195
80089.875
83802.32
80089.875
80089.875
80089.875
80089.875
82333.195
82464.91
80089.875
82450.61
82333.195
82450.61
82333.195
82347.49
82333.195
80089.875
82341.46
82273.87
82333.195
80104.17
82333.195
82333.195
80089.875
80104.17
80089.875
80089.875
82341.46
80089.875
80813.01
82333.195
82333.195
82333.195
82347.49
82341.46
82450.61
82450.61
83919.734
82464.91
82333.195
82450.61
82830.46
80089.875
82347.49
82333.195
82273.87
82347.49
82347.49
82745.31
82450.61
82333.195
82273.87
82347.49
82347.49
82347.49
80089.875
82333.195
82341.46
80089.875
82450.61
82450.61
83919.734
80085.48
80071.18
80071.18
80071.18
80071.18
82446.21
82431.914
80071.18
82446.21
82431.914
80071.18
80071.18
80085.48
83901.04
82431.914
82314.5
82314.5
82314.5
82322.766
82314.5
82347.49
80071.18
83783.625
82314.5
80071.18
80071.18
80085.48
78994.57
83901.04
83783.625
82328.8
82328.8
82314.5
80071.18
80071.18
82446.21
83144.086
80071.18
80071.18
80085.48
80071.18
82328.8
83919.734
82450.61
80071.18
80071.18
80071.18
83783.625
80071.18
80071.18
82533.305
82322.766
80085.48
82314.5
82314.5
82314.5
82255.17
80071.18
80071.18
82314.5
82314.5
80071.18
80071.18
80794.31
82314.5
80071.18
82431.914
83915.336
83562.07
83656.46
80092.5
80092.5
80092.5
80092.5
81524.32
82187.336
82464.91
80092.5
80092.5
80092.5
82187.336
82304.75
83773.875
81524.32
80092.5
82344.086
82304.75
82187.336
82187.336
80092.5
82464.91
81641.734
83002.625
82344.086
82187.336
80092.5
80092.5
82965.586
82347.49
82450.61
82333.195
82333.195
80089.875
82347.49
80089.875
80089.875
80089.875
82333.195
82464.91
80089.875
82355.76
80089.875
82333.195
80104.17
81911.72
83919.734
82745.31
82333.195
82333.195
80089.875