69477.26
70783.98
70165.23
71810.78
69477.26
71810.78
70165.23
69477.26
69477.26
69477.26
71122.82
69504.66
65107.96
71810.78
71122.82
66753.52
69389.15
70165.23
69477.26
70165.23
69389.15
65107.96
69477.26
69477.26
69592.766
69477.26
69592.766
70165.23
69477.26
71122.82
69477.26
69477.26
69592.766
71731.25
70165.23
71122.82
71810.78
69477.26
70165.23
69389.15
70165.23
69477.26
69477.26
69477.26
71034.71
68369.58
71238.33
69477.26
71810.78
69477.26
71846.76
70165.23
69389.15
71810.78
71926.29
69477.26
69477.26
69477.26
69477.26
69477.26
69477.26
69477.26
65107.96
71122.82
70165.23
65107.96
69592.766
69477.26
70165.23
71122.82
69477.26
69389.15
70783.98
69477.26
71122.82
69477.26
69592.766
71122.82
71105.62
73376.805
69389.15
70165.23
70165.23
69477.26
69477.26
71122.82
69477.26
69389.15
70165.23
65107.96
65107.96
65107.96
69477.26
70280.734
70783.98
69477.26
70165.23
69477.26
65107.96
69477.26
71122.82
69477.26
68369.58
71810.78
73376.805
70165.23
70165.23
69477.26
69477.26
70165.23
73376.805
69477.26
70165.23
69477.26
69477.26
71122.82
65107.96
69477.26
70165.23
69477.26
70165.23
69477.26
71238.33
69477.26
69477.26
69477.26
68369.58
71810.78
65107.96
69477.26
69477.26
69592.766
70165.23
65223.47
69389.15
70165.23
69477.26
70783.98
71731.25
69477.26
71810.78
71731.25
69592.766
71731.25
71122.82
70165.23
69592.766
69592.766
70165.23
70783.98
69477.26
69477.26
70165.23
71810.78
71926.29
71810.78
71034.71
69477.26
72751.18
70280.734
69389.15
69592.766
69477.26
69477.26
70783.98
71105.62
69477.26
71122.82
65107.96
65107.96
71810.78
69477.26
70165.23
69477.26
69477.26
71810.78
71105.62
65107.96
69477.26
69389.15
71122.82
69477.26
71744.67
65107.96
69389.15
67463.484
71810.78
65107.96
71122.82
71810.78
68369.58
70165.23
74086.766
71122.82
69592.766
69477.26
69389.15
69477.26
69477.26
65107.96
68369.58
69477.26
69389.15
71122.82
65107.96
71122.82
70165.23
69477.26
69477.26
72751.18
69477.26
71034.71
70165.23
69477.26
70165.23
69477.26
70165.23
69477.26
71122.82
66753.52
68369.58
70165.23
62797.277
70015.13
69477.26
69477.26
71105.62
71122.82
70165.23
66058.9
70165.23
70165.23
70165.23
69477.26
69389.15
68812.13
69389.15
67854.54
70165.23
71810.78
70165.23
69389.15
67166.58
71122.82
69477.26
71810.78
62797.277
69477.26
70165.23
71731.25
70165.23
65107.96
71731.25
69477.26
70783.98
70165.23
67078.47
71122.82
71810.78
69477.26
71731.25
70783.98
68812.13
71034.71
69477.26
69477.26
69389.15
69389.15
69477.26
71810.78
65107.96
65107.96
71731.25
62797.277
69477.26
69477.26
71810.78
69477.26
68369.58
69477.26
69477.26
71731.25
69477.26
69477.26
69477.26
65107.96
69389.15
68369.58
66753.52
71122.82
65107.96
71122.82
65107.96
71105.62
69477.26
69477.26
70165.23
71238.33
66753.52
71810.78
70165.23
65107.96
70783.98
68369.58
70280.734
69318.266
69477.26
67896.875
70165.23
70165.23
69477.26
71122.82
71810.78
69477.26
70165.23
71731.25
69389.15
71105.62
70165.23
65107.96
65107.96
69477.26
71572.25
71731.25
69389.15
71810.78
69477.26
65107.96
69389.15
69477.26
69477.26
69477.26
70165.23
70165.23
69477.26
71810.78
68369.58
70165.23
71810.78
70165.23
68369.58
69477.26
69477.26
68369.58
69230.16
70165.23
69477.26
71810.78
70165.23
69477.26
70006.23
69477.26
69389.15
70963.82
71122.82
69477.26
70165.23
69477.26
68369.58
69477.26
69477.26
69477.26
69477.26
71122.82
71034.71
69477.26
70165.23
70783.98
70006.23
70165.23
72751.18
69477.26
69477.26
70165.23
69389.15
70165.23
65107.96
69318.266
69477.26
70015.13
69477.26
69389.15
69477.26
69318.266
69389.15
69477.26
69389.15
70783.98
69477.26
69389.15
71810.78
71122.82
65107.96
71034.71
65107.96
69477.26
70165.23
69389.15
69477.26
70165.23
69477.26
72751.18
69477.26
64948.965
69477.26
68369.58
70006.23
71034.71
69389.15
69389.15
69477.26
69477.26
70165.23
69230.16
70783.98
69318.266
69477.26
70165.23
70963.82
71122.82
70006.23
69477.26
69477.26
69477.26
71034.71
69477.26
65107.96
70165.23
65107.96
69477.26
68369.58
70006.23
71122.82
65107.96
69477.26
70165.23
69477.26
69477.26
69477.26
69318.266
65107.96
71122.82
69477.26
69477.26
69318.266
71105.62
69477.26
71731.25
71810.78
69389.15
69477.26
69318.266
69477.26
71105.62
69477.26
65107.96
73376.805
69477.26
69318.266
71810.78
69477.26
70165.23
70963.82
70165.23
71122.82
69477.26
69477.26
70015.13
70165.23
70165.23
69477.26
65107.96
69477.26
71034.71
68369.58
70165.23
69477.26
65107.96
69477.26
70165.23
69477.26
70165.23
69477.26
69389.15
69477.26
69389.15
69477.26
69477.26
69389.15
68369.58
71122.82
71122.82
68369.58
69389.15
72751.18
70165.23
70783.98
69477.26
70165.23
70165.23
69477.26
69318.266
71105.62
69477.26
69477.26
69477.26
69318.266
69477.26
71122.82
70165.23
70165.23
71034.71
69477.26
70165.23
69477.26
69477.26
69389.15
71034.71
65107.96
70165.23
69477.26
71122.82
69477.26
69477.26
72429.53
71122.82
69477.26
68369.58
70165.23
69318.266
71034.71
69230.16
70165.23
70165.23
69318.266
69389.15
69477.26
70165.23
71122.82
69477.26
69389.15
69389.15
71105.62
69477.26
68369.58
70165.23
68369.58
71810.78
69477.26
69477.26
69477.26
70165.23
69477.26
70165.23
70165.23
70165.23
69477.26
69389.15
71105.62
69477.26
69477.26
69389.15
71122.82
69477.26
69389.15
71034.71
70165.23
65107.96
69477.26
71810.78
70165.23
71122.82
65107.96
69477.26
71105.62
69477.26
69477.26
69477.26
69230.16
64948.965
70165.23
70165.23
71810.78
69477.26
71034.71
68210.58
71122.82
70165.23
69389.15
71810.78
69477.26
69477.26
71810.78
69477.26
69389.15
71810.78
70165.23
69477.26
67896.875
69318.266
70165.23
69477.26
69477.26
71122.82
70165.23
71810.78
69318.266
69477.26
69477.26
71034.71
70165.23
69477.26
69477.26
71105.62
69477.26
69318.266
68210.58
69389.15
69389.15
68369.58
69389.15
70165.23
69477.26
65107.96
69477.26
72270.53
71122.82
69477.26
69477.26
69318.266
69477.26
69477.26
69230.16
67896.875
69477.26
69389.15
70006.23
65107.96
69477.26
69477.26
67896.875
71122.82
71122.82
69477.26
71105.62
69477.26
65107.96
65107.96
69477.26
69318.266
69477.26
69477.26
69318.266
69477.26
68369.58
70783.98
71731.25
69477.26
71810.78
70006.23
69318.266
69477.26
69389.15
71122.82
70165.23
67896.875
68369.58
71122.82
69477.26
69477.26
69389.15
70165.23
70165.23
69477.26
68369.58
69389.15
72751.18
68135.85
68135.85
63766.555
69318.266
68823.82
69781.41
68135.85
72099.945
70454.39
69318.266
70454.39
69318.266
65913.484
67541.84
65913.484
75899.0
73634.695
70624.98
72946.734
72946.734
72946.734
72858.625
74592.29
72946.734
72946.734
70624.98
69592.766
70643.83
70643.83
71950.54
70643.83
71950.54
69536.14
70643.83
70555.72
70963.82
66594.52
72977.34
69318.266
71950.54
72272.19
71331.79
70555.72
72897.81
72272.19
70643.83
70555.72
70643.83
70643.83
71331.79
72289.38
70643.83
69790.87
72044.86
72044.86
65421.57
71419.23
69790.87
71436.43
70478.836
69790.87
69790.87
69790.87
68683.19
73064.79
70478.836
69790.87
69790.87
69790.87
65421.57
70478.836
69790.87
65421.57
71436.43
69790.87
69790.87
69790.87
69790.87
71436.43
70478.836
69702.76
69790.87
69790.87
70006.23
72124.39
71419.23
68683.19
70478.836
69702.76
71436.43
69790.87
70478.836
70478.836
70478.836
69318.266
70963.82
70478.836
72044.86
69790.87
69702.76
69318.266
73064.79
71097.586
69790.87
69790.87
69790.87
64948.965
71097.586
69790.87
69318.266
70006.23
69790.87
70478.836
72124.39
69790.87
69790.87
71097.586
69318.266
71097.586
70478.836
69702.76
65421.57
71419.23
71436.43
69790.87
69790.87
70006.23
70478.836
72124.39
66594.52
69318.266
69318.266
70478.836
69702.76
72124.39
71419.23
69790.87
71419.23
70478.836
71436.43
69790.87
70478.836
69790.87
69790.87
68683.19
70478.836
70478.836
71436.43
71419.23
70006.23
70478.836
71097.586
70478.836
70478.836
71436.43
69790.87
69702.76
69790.87
69790.87
72743.14
71651.78
69790.87
69318.266
69702.76
69702.76
69790.87
69790.87
65421.57
70478.836
69790.87
65421.57
71097.586
69790.87
70478.836
69790.87
69790.87
69790.87
69790.87
69790.87
69790.87
70478.836
69790.87
69702.76
70478.836
71436.43
65421.57
65421.57
71436.43
69702.76
69790.87
71348.32
70478.836
69318.266
71419.23
69790.87
69702.76
70478.836
69790.87
69790.87
69702.76
71348.32
68683.19
70280.734
70478.836
69702.76
68683.19
73064.79
68210.58
70478.836
70478.836
69702.76
72124.39
70478.836
65421.57
72124.39
69790.87
70478.836
71097.586
71436.43
70963.82
71436.43
68210.484
71348.32
71419.23
69790.87
69790.87
69702.76
70478.836
72044.86
69790.87
67067.13
69318.266
69790.87
69702.76
71436.43
72044.86
70478.836
70478.836
71097.586
69318.266
70478.836
69790.87
69790.87
69790.87
71097.586
65421.57
71436.43
69702.76
67737.88
69318.266
69790.87
69790.87
65421.57
69702.76
69790.87
69790.87
71436.43
67067.13
72124.39
69790.87
69592.766
69790.87
69702.76
72124.39
69790.87
69790.87
69318.266
69790.87
69790.87
69790.87
71419.23
71436.43
70963.82
69790.87
70478.836
68683.19
71097.586
71436.43
70478.836
69790.87
69790.87
70478.836
69318.266
71436.43
65421.57
69790.87
71097.586
70478.836
68683.19
69790.87
69790.87
69790.87
65223.47
69790.87
69702.76
67067.13
71436.43
69790.87
71436.43
69702.76
69790.87
71348.32
69790.87
72124.39
69702.76
69790.87
72044.86
70946.625
70478.836
69790.87
69790.87
69790.87
73690.414
72124.39
69790.87
70478.836
69790.87
69790.87
69790.87
69790.87
69790.87
69790.87
67067.13
69230.16
70478.836
69790.87
71348.32
69790.87
65421.57
70478.836
69790.87
69790.87
69790.87
65421.57
71436.43
70006.23
71436.43
70478.836
69230.16
69790.87
72124.39
69790.87
71436.43
71238.33
69790.87
70478.836
69318.266
69702.76
69702.76
69790.87
69790.87
69702.76
64948.965
69790.87
70478.836
71436.43
69790.87
69790.87
70478.836
70478.836
65421.57
70478.836
69790.87
69790.87
69790.87
72124.39
69790.87
69790.87
64948.965
70478.836
70624.98
69230.16
69790.87
69790.87
69790.87
69790.87
69790.87
68683.19
69790.87
69790.87
69790.87
69790.87
71436.43
69790.87
69790.87
69790.87
69702.76
69790.87
69790.87
69790.87
70006.23
72124.39
69702.76
70478.836
69790.87
71436.43
69790.87
71436.43
69790.87
69790.87
69318.266
69790.87
69790.87
71419.23
69790.87
69790.87
69790.87
69318.266
69790.87
72044.86
69702.76
69702.76
69790.87
70624.98
69790.87
72124.39
70006.23
69790.87
69790.87
70478.836
69318.266
65421.57
70478.836
65421.57
71436.43
69790.87
69790.87
69790.87
70875.71
69790.87
69790.87
71419.23
71436.43
72124.39
72044.86
71419.23
65421.57
70478.836
70478.836
72044.86
71419.23
71436.43
70478.836
65421.57
69318.266
69790.87
69790.87
70478.836
70478.836
69318.266
73064.79
71097.586
68683.19
70478.836
65421.57
70478.836
69790.87
65421.57
70478.836
72044.86
69790.87
69790.87
69790.87
69790.87
65421.57
69790.87
70478.836
73690.414
65421.57
65421.57
71436.43
65421.57
71348.32
72124.39
69702.76
72124.39
70478.836
71419.23
72743.14
69790.87
70478.836
71436.43
69790.87
69790.87
71436.43
69790.87
69790.87
70478.836
68452.21
71404.484
68364.1
73348.23
84655.42
90715.03
70946.54
71285.38
70327.79
71268.19
69639.83
69551.72
69211.586
69211.586
69299.695
69211.586
69299.695
68192.01
71553.68
69987.66
70606.41
70945.25
69299.695
69299.695
69299.695
69299.695
69987.66
69299.695
69299.695
69299.695
69299.695
69299.695
69318.266
70945.25
69211.586
69211.586
69299.695
69211.586
64930.395
68210.58
69230.16
69299.695
69299.695
68210.58
64930.395
69987.66
70945.25
69987.66
64930.395
69299.695
71633.21
69299.695
69299.695
69299.695
69318.266
64930.395
69987.66
70945.25
69987.66
71633.21
69987.66
69299.695
68192.01
69987.66
70945.25
68192.01
69299.695
69211.586
69987.66
70945.25
69299.695
69299.695
69299.695
69299.695
69299.695
66050.914
66050.914
67679.27
68384.43
73582.87
85166.31
69318.266
69318.266
71386.98
69053.45
70006.23
70963.82
68965.34
69053.45
69053.45
64684.156
70681.81
64684.156
68965.34
70006.23
70360.17
69053.45
68965.34
71572.25
69053.45
69053.45
69741.42
72005.73
69053.45
67945.77
68965.34
69053.45
68965.34
69053.45
69053.45
69053.45
69053.45
69053.45
69053.45
69053.45
69053.45
68965.34
64684.156
69053.45
69053.45
69053.45
68965.34
69053.45
69053.45
69053.45
69053.45
69053.45
69053.45
69053.45
69053.45
69741.42
69053.45
70699.016
70610.91
69053.45
72005.73
64684.156
70963.82
69053.45
69053.45
69741.42
70699.016
64684.156
69053.45
69053.45
68965.34
69318.266
69053.45
69053.45
72005.73
69053.45
69053.45
69053.45
70610.91
70610.91
69053.45
69053.45
70360.17
69053.45
69053.45
70681.81
70699.016
70875.71
69741.42
69053.45
71386.98
69741.42
69053.45
70006.23
66592.54
71649.8
72607.39
71649.8
72590.195
70961.836
70961.836
66592.54
72590.195
70684.52
70076.086
68430.54
64061.24
68342.43
68342.43
65706.79
69118.5
68430.54
69118.5
68430.54
71926.29
68430.54
68430.54
69118.5
64061.24
64061.24
70764.055
70764.055
68342.43
68430.54
68430.54
68430.54
69118.5
69737.25
70076.086
69118.5
69987.98
68430.54
68430.54
68430.54
68430.54
68430.54
68342.43
68430.54
72330.08
68430.54
68430.54
68430.54
68430.54
68342.43
69118.5
69318.266
68430.54
70058.9
69230.16
68430.54
69318.266
64061.24
70076.086
69118.5
70006.23
70764.055
68342.43
68430.54
70076.086
68342.43
70076.086
68430.54
71651.78
69118.5
69118.5
70076.086
68342.43
65706.79
69318.266
68430.54
64061.24
68430.54
65706.79
67322.86
64061.24
70764.055
69118.5
69118.5
70076.086
68430.54
70058.9
68430.54
70764.055
66850.16
67322.86
68430.54
68430.54
68430.54
70058.9
67322.86
68430.54
68342.43
68430.54
74598.58
74598.58
64771.082
69052.27
69140.38
69828.34
64771.082
69828.34
69052.27
64771.082
64771.082
69140.38
70006.23
69140.38
66594.52
69140.38
71846.76
70785.945
69140.38
70697.836
69318.266
70447.09
69230.16
69140.38
69828.34
65223.47
69430.19
71188.31
67926.695
72296.0
75569.92
67926.695
71188.31
70985.26
69339.695
69339.695
70027.664
68232.016
69339.695
69339.695
69339.695
69339.695
70027.664
69339.695
69339.695
70646.414
70985.26
69339.695
70027.664
69339.695
69339.695
69339.695
71593.69
73239.24
70027.664
69339.695
71593.69
69339.695
69339.695
69339.695
70027.664
68232.016
70027.664
64970.4
69339.695
70027.664
69339.695
69339.695
70027.664
69339.695
70646.414
69251.586
69339.695
64970.4
69339.695
69339.695
69339.695
70027.664
71593.69
70985.26
69339.695
70968.055
70027.664
70985.26
70027.664
70027.664
71673.22
69339.695
70006.23
70985.26
64970.4
70985.26
73239.24
69339.695
70027.664
70027.664
70897.15
64970.4
69339.695
69339.695
69339.695
69339.695
69339.695
69339.695
64970.4
70875.71
69339.695
70646.414
70897.15
70027.664
70006.23
70027.664
69339.695
70027.664
70027.664
69339.695
64970.4
64970.4
70646.414
69339.695
69318.266
70027.664
69339.695
69339.695
64970.4
70985.26
64970.4
69339.695
69318.266
69318.266
70027.664
69339.695
69339.695
69339.695
70006.23
69339.695
70985.26
70006.23
69339.695
69339.695
69339.695
64970.4
64970.4
69251.586
70985.26
64970.4
64970.4
70027.664
69339.695
70985.26
70027.664
72291.97
70646.414
70646.414
69339.695
69251.586
70646.414
69339.695
70027.664
69339.695
69339.695
70897.15
70027.664
70985.26
69339.695
70027.664
71673.22
69339.695
70027.664
70646.414
70027.664
69339.695
69339.695
69339.695
69339.695
64970.4
69339.695
69339.695
69339.695
64970.4
70646.414
64948.965
70027.664
69339.695
70646.414
70027.664
70027.664
69339.695
70027.664
70027.664
69339.695
70027.664
70985.26
70027.664
70646.414
70027.664
70985.26
69339.695
69339.695
70027.664
69339.695
69339.695
70985.26
70985.26
69339.695
69339.695
70985.26
70006.23
69339.695
69592.766
69251.586
69339.695
70968.055
70646.414
69339.695
69339.695
69251.586
69339.695
69339.695
71673.22
69318.266
69339.695
71673.22
70985.26
70646.414
70897.15
69251.586
70027.664
69339.695
69339.695
69251.586
69339.695
68232.016
69251.586
69318.266
69339.695
70027.664
70027.664
69339.695
69339.695
69230.16
69339.695
69339.695
71593.69
69339.695
70985.26
69339.695
70027.664
71673.22
69339.695
69339.695
69339.695
70985.26
69339.695
69318.266
69339.695
69339.695
69339.695
70985.26
69251.586
70027.664
69877.57
71651.78
69251.586
70027.664
70027.664
70968.055
69339.695
69339.695
69339.695
72613.62
69339.695
64970.4
64970.4
67759.31
70985.26
69339.695
69339.695
69339.695
69339.695
69339.695
69339.695
70985.26
70027.664
64948.965
70027.664
64970.4
68232.016
69339.695
69230.16
70985.26
69339.695
69339.695
70646.414
69251.586
66615.96
71673.22
69339.695
69339.695
70027.664
69339.695
70027.664
71651.78
69339.695
64948.965
69251.586
69339.695
69339.695
69339.695
70985.26
70968.055
72545.04
69339.695
70027.664
69251.586
69251.586
69251.586
71673.22
69339.695
72613.62
69339.695
69339.695
69339.695
70985.26
70963.82
72291.97
69339.695
64970.4
70027.664
70027.664
69339.695
70646.414
69339.695
64970.4
70027.664
70985.26
69339.695
69230.16
69251.586
67759.31
69339.695
72270.53
70027.664
67759.31
70027.664
68232.016
70646.414
69339.695
70027.664
69339.695
69339.695
69339.695
71673.22
70897.15
69339.695
69339.695
70027.664
69251.586
70027.664
69339.695
70646.414
70027.664
69339.695
70027.664
69339.695
69251.586
75803.25
70985.26
70985.26
70646.414
69339.695
64970.4
70027.664
75194.82
69339.695
64970.4
70985.26
69339.695
70027.664
73239.24
70027.664
69339.695
69339.695
70027.664
69339.695
69339.695
70646.414
68232.016
68576.91
69339.695
67619.32
70027.664
70968.055
69339.695
72291.97
69339.695
70027.664
71673.22
68232.016
64970.4
69339.695
69339.695
69251.586
68232.016
65223.47
69339.695
70027.664
69339.695
70027.664
69339.695
71160.83
70027.664
69251.586
69339.695
69515.266
64970.4
70027.664
64970.4
69251.586
69515.266
64970.4
69339.695
71673.22
71673.22
64970.4
69339.695
64970.4
70027.664
70027.664
71673.22
69339.695
71673.22
69339.695
60897.066
69339.695
69339.695
70985.26
70985.26
69339.695
64970.4
70027.664
69251.586
69339.695
69339.695
67501.22
64970.4
69339.695
70646.414
69339.695
69251.586
70646.414
70378.234
69339.695
71593.69
69339.695
70027.664
69251.586
67759.31
70027.664
69339.695
70027.664
69339.695
69339.695
69339.695
66615.96
69339.695
69251.586
70027.664
70985.26
70027.664
69339.695
70968.055
70027.664
69251.586
64970.4
70646.414
64970.4
69339.695
70985.26
69339.695
68232.016
70646.414
69339.695
69339.695
70027.664
69339.695
69339.695
69339.695
70378.234
70646.414
70968.055
71154.305
69592.766
70027.664
70027.664
69592.766
69339.695
69339.695
70985.26
70466.34
70897.15
69251.586
70985.26
69339.695
70897.15
70027.664
70027.664
69339.695
69339.695
65223.47
70027.664
70027.664
69339.695
67742.6
69339.695
70466.34
69251.586
69339.695
69339.695
70027.664
69339.695
71154.305
69339.695
70027.664
70027.664
69251.586
69339.695
69339.695
69339.695
69339.695
70985.26
69592.766
70985.26
70985.26
70027.664
70985.26
70027.664
68232.016
69251.586
69339.695
69251.586
69251.586
69339.695
69339.695
66097.05
69339.695
70027.664
69339.695
68232.016
71673.22
72111.9
70378.234
70985.26
71673.22
69339.695
70968.055
69358.66
64970.4
69339.695
68232.016
70027.664
69339.695
64970.4
71154.305
70027.664
69339.695
69339.695
70027.664
69339.695
69339.695
69251.586
69339.695
69251.586
69339.695
70968.055
69877.57
70968.055
69339.695
70027.664
69339.695
71593.69
71673.22
69339.695
69251.586
69339.695
71593.69
69339.695
72799.86
69339.695
68232.016
70027.664
69339.695
69251.586
69339.695
69339.695
69339.695
69339.695
70968.055
69251.586
69339.695
70646.414
71673.22
70027.664
70027.664
70897.15
69251.586
69339.695
66615.96
70968.055
69339.695
70027.664
68232.016
69339.695
69339.695
68232.016
69339.695
67742.6
70027.664
70897.15
70646.414
67759.31
69339.695
69339.695
70985.26
71673.22
69339.695
69339.695
69339.695
69251.586
64970.4
70027.664
70985.26
70985.26
69339.695
69251.586
69339.695
72023.79
70027.664
64970.4
70466.34
70027.664
70027.664
70897.15
70646.414
70646.414
69339.695
70027.664
69339.695
69339.695
72111.9
70646.414
70027.664
70985.26
70466.34
69339.695
64970.4
70027.664
69339.695
64970.4
71673.22
69339.695
69251.586
67759.31
70027.664
69251.586
71673.22
71673.22
70027.664
69339.695
70027.664
70968.055
69339.695
70985.26
69339.695
69339.695
69339.695
71154.305
69251.586
70646.414
70027.664
69339.695
70466.34
70378.234
69339.695
71673.22
71154.305
69251.586
69251.586
70027.664
71673.22
69339.695
69339.695
71593.69
69339.695
69339.695
78965.93
69339.695
69339.695
69339.695
69339.695
69339.695
71593.69
70968.055
69339.695
69339.695
71673.22
69339.695
70426.52
69738.56
69339.695
69339.695
69339.695
69339.695
69339.695
70027.664
69251.586
70027.664
69339.695
69339.695
69339.695
69650.45
70027.664
69339.695
71384.12
69339.695
70985.26
69339.695
72291.97
64970.4
70426.52
71593.69
64970.4
69339.695
70968.055
73012.48
68232.016
70027.664
69251.586
69251.586
69339.695
66615.96
70646.414
70646.414
69339.695
69251.586
69339.695
70027.664
69339.695
70646.414
69339.695
64970.4
69339.695
70027.664
67060.875
70985.26
70985.26
70027.664
69251.586
69339.695
70027.664
68232.016
69339.695
70027.664
69339.695
69339.695
70027.664
71673.22
69339.695
70897.15
69339.695
70027.664
69339.695
70027.664
69339.695
70027.664
71344.16
69251.586
70027.664
71673.22
69339.695
69339.695
69339.695
69251.586
69251.586
69339.695
70027.664
69251.586
66615.96
70027.664
70027.664
66478.016
70027.664
69339.695
68232.016
69339.695
64970.4
69339.695
64970.4
69251.586
71238.33
70985.26
69339.695
71673.22
68232.016
69477.26
69339.695
69339.695
71846.76
70027.664
69339.695
70985.26
64970.4
69339.695
69339.695
70968.055
64970.4
69251.586
69339.695
70985.26
71105.62
69251.586
64970.4
69339.695
71810.78
64970.4
70027.664
70968.055
70985.26
68369.58
64970.4
69339.695
69251.586
66615.96
69339.695
69251.586
71673.22
69251.586
64970.4
69339.695
69339.695
70985.26
69339.695
71673.22
69339.695
69339.695
69339.695
64970.4
71673.22
69339.695
69339.695
69339.695
70027.664
70783.98
69339.695
69477.26
68232.016
71810.78
69339.695
64970.4
69339.695
69389.15
69339.695
70027.664
69339.695
70985.26
71673.22
69477.26
70027.664
69251.586
69339.695
70027.664
70165.23
70027.664
70027.664
69389.15
69339.695
69339.695
70968.055
69339.695
69339.695
69251.586
69339.695
69339.695
69251.586
69477.26
64970.4
69339.695
69339.695
70985.26
70968.055
69251.586
69339.695
70985.26
70646.414
70027.664
70027.664
68232.016
70165.23
69339.695
70646.414
69339.695
69477.26
69339.695
70646.414
70027.664
70027.664
71673.22
61515.88
63937.516
71122.82
68026.62
67338.66
71810.78
71179.625
69389.15
71179.625
71122.82
61169.93
65451.117
65539.234
69457.47
71103.03
70145.44
70145.44
69477.26
71711.46
70764.19
71014.92
66733.734
68369.58
70764.19
69457.47
69457.47
69457.47
71790.99
69457.47
70165.23
70145.44
70145.44
70145.44
70764.19
65088.17
70145.44
69457.47
70165.23
70280.734
69457.47
69457.47
71711.46
70145.44
69457.47
69457.47
69457.47
69457.47
70145.44
69457.47
71014.92
70145.44
69369.36
69457.47
71103.03
69457.47
71103.03
69369.36
69457.47
69457.47
69457.47
70145.44
69457.47
69457.47
69369.36
69457.47
69457.47
71103.03
65088.17
69457.47
70145.44
71103.03
69457.47
69457.47
70764.19
71711.46
69457.47
65088.17
70145.44
69457.47
69457.47
70764.19
71103.03
69369.36
69457.47
70145.44
69457.47
69369.36
69457.47
69457.47
69369.36
69457.47
70145.44
69457.47
70145.44
69995.34
71103.03
71014.92
65088.17
69457.47
69457.47
70145.44
71085.83
72409.74
69457.47
70145.44
69457.47
69457.47
69457.47
71810.78
70145.44
70764.19
71085.83
69457.47
69457.47
71103.03
71790.99
71790.99
65088.17
70145.44
69477.26
65088.17
71711.46
69457.47
65088.17
69457.47
65088.17
69457.47
72409.74
68349.79
69457.47
70145.44
69457.47
65088.17
70145.44
69457.47
69457.47
70145.44
69369.36
70145.44
69457.47
71014.92
71103.03
69457.47
70145.44
69457.47
69457.47
71103.03
68369.58
71711.46
71790.99
71103.03
70145.44
70145.44
69457.47
72409.74
67877.086
69457.47
69389.15
70145.44
70145.44
71103.03
69457.47
71103.03
69457.47
71103.03
71085.83
69369.36
70145.44
69457.47
70145.44
71790.99
68349.79
69457.47
71711.46
69457.47
69457.47
70145.44
69457.47
69457.47
70783.98
69457.47
69457.47
69369.36
70764.19
70165.23
69457.47
68485.086
69592.766
70145.44
69457.47
73357.016
69457.47
70145.44
69457.47
65088.17
69477.26
66733.734
70165.23
71085.83
69457.47
69457.47
65088.17
70145.44
69457.47
70145.44
71103.03
69457.47
69457.47
69477.26
65088.17
69457.47
71085.83
69477.26
71790.99
69477.26
69457.47
70145.44
66733.734
69369.36
71103.03
69457.47
70764.19
69457.47
71085.83
69457.47
70145.44
67877.086
70145.44
69457.47
71103.03
70145.44
69457.47
71103.03
70145.44
69457.47
68349.79
65107.96
69389.15
69457.47
70145.44
69369.36
69457.47
71103.03
73357.016
68349.79
69457.47
70145.44
70145.44
69389.15
71103.03
69369.36
68349.79
69477.26
70145.44
70145.44
65088.17
69457.47
69457.47
69369.36
69457.47
71103.03
70145.44
70145.44
70280.734
69457.47
69369.36
69457.47
69457.47
70145.44
71103.03
69477.26
69457.47
69457.47
70145.44
69369.36
71790.99
69457.47
68349.79
70783.98
70145.44
71790.99
71103.03
69457.47
73357.016
69457.47
69457.47
70145.44
70145.44
69457.47
69457.47
71014.92
70145.44
69995.34
70764.19
69504.66
69457.47
69457.47
68349.79
71790.99
69369.36
65088.17
70764.19
71103.03
70764.19
69457.47
69457.47
69457.47
69457.47
69457.47
69457.47
70145.44
69457.47
73357.016
69457.47
69369.36
69369.36
71103.03
71014.92
71790.99
65088.17
69369.36
69457.47
69457.47
69457.47
69369.36
69369.36
65088.17
71790.99
70145.44
69457.47
69457.47
69457.47
69457.47
69457.47
69457.47
70145.44
69457.47
68349.79
69457.47
69457.47
69457.47
69477.26
69457.47
69477.26
71790.99
69457.47
71014.92
71103.03
66733.734
69369.36
71790.99
69457.47
70165.23
70764.19
69457.47
69457.47
69457.47
65088.17
72731.39
65088.17
69457.47
69457.47
69457.47
69477.26
65088.17
63976.082
70026.46
72280.445
70026.46
70026.46
70026.46
70714.42
70714.42
70714.42
70026.46
70714.42
70026.46
71672.016
71672.016
70714.42
70026.46
70026.46
70026.46
72280.445
68446.08
71333.17
70714.42
72280.445
72280.445
65657.164
71672.016
67302.72
70026.46
70026.46
70714.42
70026.46
69938.35
70026.46
69938.35
70026.46
70026.46
70026.46
71333.17
70026.46
70026.46
66753.52
70026.46
71672.016
68918.77
71672.016
69938.35
70026.46
70783.98
70026.46
69938.35
70026.46
70714.42
70026.46
70026.46
70714.42
72280.445
70026.46
70714.42
70564.33
70026.46
72359.98
72624.07
73312.03
64174.484
68543.78
70172.14
64174.484
64174.484
69231.75
68543.78
69589.64
65220.344
69589.64
69589.64
69589.64
69589.64
69501.53
68009.26
71923.164
72541.914
68009.26
65220.344
70277.61
69589.64
69589.64
69477.26
71923.164
68481.96
69589.64
69589.64
69589.64
70277.61
71122.82
69589.64
69589.64
69501.53
68481.96
69589.64
69589.64
71235.2
69589.64
71147.09
69477.26
72541.914
69589.64
69589.64
71147.09
69589.64
71923.164
69589.64
69589.64
70277.61
69589.64
69501.53
68481.96
70896.36
69589.64
68481.96
69589.64
69589.64
69589.64
70277.61
71235.2
69477.26
65220.344
69589.64
68481.96
71843.63
70277.61
69589.64
69589.64
69501.53
69501.53
71923.164
71923.164
65220.344
72541.914
70277.61
71235.2
71235.2
69589.64
71843.63
65107.96
71235.2
65220.344
69589.64
70896.36
69589.64
68481.96
69589.64
69589.64
69477.26
69477.26
69589.64
69589.64
70165.23
71218.0
65107.96
66865.91
69501.53
71810.78
69589.64
70277.61
69589.64
69589.64
69589.64
69589.64
70277.61
69589.64
68481.96
70277.61
69589.64
71843.63
70277.61
65220.344
69592.766
71810.78
70277.61
69501.53
69501.53
69589.64
70277.61
71218.0
68481.96
69589.64
70277.61
65220.344
70277.61
70277.61
71147.09
69501.53
72541.914
69589.64
69589.64
69389.15
69501.53
69589.64
71238.33
69501.53
70277.61
71235.2
65220.344
69589.64
69589.64
71235.2
69589.64
71923.164
69589.64
71923.164
70277.61
70783.98
71923.164
69589.64
70277.61
70896.36
65220.344
69589.64
70277.61
71235.2
70277.61
65220.344
71235.2
65220.344
71235.2
69501.53
71923.164
71218.0
69589.64
70277.61
69477.26
71218.0
65220.344
69589.64
71843.63
69477.26
69589.64
68481.96
69589.64
65220.344
69501.53
70277.61
71923.164
69589.64
71923.164
69501.53
69589.64
69501.53
70277.61
69589.64
65220.344
69501.53
69501.53
70277.61
69589.64
69589.64
69589.64
69589.64
66865.91
70277.61
69589.64
69589.64
69589.64
70277.61
65220.344
65220.344
69589.64
69589.64
70277.61
68369.58
69589.64
69589.64
69589.64
65220.344
70896.36
69501.53
71235.2
71122.82
69589.64
70277.61
71147.09
70277.61
69589.64
69501.53
71235.2
70896.36
72541.914
69589.64
71122.82
70896.36
70277.61
71923.164
69589.64
69589.64
69589.64
66865.91
69477.26
70899.484
69589.64
70277.61
69589.64
71235.2
69589.64
69589.64
69589.64
69477.26
69589.64
69589.64
69589.64
69589.64
69589.64
71147.09
69589.64
71923.164
72541.914
71843.63
70277.61
71235.2
69589.64
70277.61
71235.2
69589.64
71147.09
71923.164
69589.64
69589.64
69589.64
65220.344
69589.64
70277.61
70277.61
69589.64
71923.164
69589.64
70165.23
70783.98
70277.61
72541.914
65220.344
72863.56
72541.914
69589.64
70277.61
69589.64
69477.26
69589.64
71923.164
70277.61
68481.96
71843.63
69589.64
68481.96
69589.64
71923.164
69477.26
71235.2
70277.61
69589.64
69501.53
69589.64
69589.64
69589.64
71235.2
69501.53
71235.2
70896.36
70277.61
71218.0
69501.53
68481.96
69589.64
69589.64
69589.64
71218.0
71147.09
70277.61
69589.64
70277.61
70277.61
69589.64
71147.09
70277.61
69589.64
65107.96
69501.53
69589.64
71923.164
71218.0
71235.2
71923.164
69477.26
70896.36
69589.64
71923.164
71235.2
69501.53
69501.53
70277.61
69589.64
71235.2
68009.26
71923.164
68009.26
70896.36
70277.61
71034.71
69589.64
69589.64
69589.64
69589.64
71235.2
69589.64
70896.36
71810.78
69477.26
70277.61
69501.53
69589.64
70277.61
71843.63
69589.64
69589.64
69589.64
70896.36
69589.64
69589.64
69589.64
69477.26
69589.64
69589.64
71235.2
68009.26
65107.96
69589.64
68481.96
70277.61
69589.64
69477.26
69589.64
69589.64
68481.96
69501.53
70896.36
70277.61
69589.64
69501.53
70277.61
68148.766
69106.36
70010.85
69322.88
64953.586
69322.88
69234.77
68215.2
70165.23
69322.88
69322.88
70010.85
69322.88
64953.586
69477.26
69234.77
68215.2
69322.88
70629.6
69322.88
70968.445
69322.88
70968.445
68215.2
69322.88
70968.445
70165.23
70010.85
72275.16
69322.88
69322.88
69389.15
69322.88
69322.88
69322.88
70951.24
69322.88
69322.88
70968.445
69322.88
70010.85
70629.6
69322.88
71122.82
70010.85
64953.586
70880.336
70629.6
70010.85
64953.586
69322.88
69322.88
69322.88
70629.6
69322.88
71656.41
70968.445
64953.586
69322.88
64953.586
70968.445
69389.15
69322.88
69477.26
70010.85
70010.85
69234.77
70968.445
69234.77
69322.88
71122.82
64953.586
70010.85
70968.445
68215.2
69322.88
69322.88
69322.88
69322.88
70880.336
69322.88
69322.88
68215.2
71656.41
69322.88
71122.82
69234.77
69322.88
70165.23
70010.85
69234.77
70165.23
69322.88
69322.88
64953.586
68369.58
71656.41
70968.445
69322.88
69389.15
69322.88
70010.85
70010.85
70968.445
71576.875
70968.445
70968.445
69322.88
69234.77
69322.88
70880.336
65107.96
70010.85
69322.88
70629.6
69322.88
72275.16
71656.41
69322.88
69477.26
71576.875
70010.85
69322.88
72275.16
70968.445
69322.88
70629.6
69322.88
70968.445
69234.77
69322.88
69322.88
70629.6
70010.85
71656.41
71656.41
70010.85
69322.88
70880.336
69322.88
71122.82
70010.85
69322.88
71576.875
69322.88
69322.88
69322.88
69322.88
71122.82
67742.5
69322.88
70010.85
71731.25
64953.586
70010.85
69322.88
69322.88
71576.875
69234.77
70629.6
69322.88
70880.336
69234.77
70629.6
67742.5
70165.23
69322.88
70968.445
66599.15
70968.445
70629.6
70968.445
69234.77
70880.336
70968.445
70010.85
64953.586
69322.88
69322.88
71576.875
70010.85
70968.445
71656.41
66599.15
69477.26
64953.586
69322.88
72488.984
73176.945
68830.28
67722.59
68830.28
69389.15
70136.99
70387.73
68830.28
69518.24
68830.28
68830.28
69518.24
71034.71
68830.28
70387.73
70475.836
66106.54
68830.28
68830.28
68830.28
68830.28
68830.28
68830.28
64460.98
68742.17
68830.28
69518.24
69518.24
68830.28
70475.836
69518.24
69518.24
70165.23
68830.28
67722.59
68830.28
70475.836
69518.24
68830.28
68742.17
71084.266
66106.54
70458.64
69518.24
68830.28
71163.805
68830.28
70475.836
68830.28
69477.26
68830.28
69518.24
69518.24
68830.28
69477.26
71163.805
72104.195
70136.99
71122.82
70475.836
68830.28
70475.836
71122.82
68830.28
71782.555
70165.23
68830.28
68830.28
69518.24
69518.24
71163.805
69518.24
68830.28
68830.28
68830.28
68742.17
70136.99
68830.28
67722.59
68830.28
69477.26
69389.15
71163.805
69518.24
70387.73
68830.28
68830.28
68830.28
68830.28
70783.98
69784.21
72117.734
65414.914
71090.93
70472.18
65107.96
69784.21
70783.98
72038.2
69477.26
71122.82
69784.21
69784.21
69696.1
70472.18
73058.13
70165.23
67060.48
69784.21
69784.21
70472.18
72117.734
69696.1
69784.21
69784.21
69784.21
69784.21
69784.21
72117.734
69784.21
69784.21
69784.21
69696.1
72117.734
69784.21
69784.21
72117.734
72117.734
65414.914
69784.21
70472.18
71412.57
72117.734
69477.26
69389.15
69477.26
71429.77
68676.53
69592.766
70472.18
70472.18
72117.734
69784.21
69784.21
69784.21
69784.21
72736.484
69696.1
72117.734
71412.57
70472.18
69696.1
72117.734
68203.83
69784.21
69784.21
69784.21
69784.21
69784.21
69784.21
69784.21
69784.21
69784.21
70472.18
69784.21
71429.77
69784.21
71090.93
70472.18
69477.26
70472.18
71429.77
69784.21
71090.93
71341.664
69784.21
69784.21
70472.18
69389.15
69696.1
72038.2
69784.21
65414.914
70472.18
70472.18
70472.18
69784.21
69784.21
69784.21
70472.18
70165.23
70165.23
70899.484
70165.23
65414.914
72736.484
65414.914
70472.18
69784.21
71341.664
71412.57
70472.18
69477.26
70472.18
69784.21
71341.664
69477.26
71341.664
69784.21
69389.15
70472.18
69784.21
69784.21
72117.734
71090.93
69784.21
65414.914
70107.07
70107.07
65049.81
69419.11
71064.664
71752.625
69331.0
71731.25
70107.07
69331.0
70107.07
69419.11
69419.11
69419.11
69477.26
69331.0
69419.11
71673.09
66695.37
65049.81
69419.11
69419.11
72371.375
69477.26
70165.23
71064.664
70107.07
70107.07
70783.98
69419.11
71064.664
68311.42
69419.11
69477.26
71064.664
70280.734
69419.11
71752.625
65049.81
69419.11
66753.52
70107.07
71752.625
69419.11
69419.11
69419.11
71673.09
70725.82
69477.26
65049.81
69419.11
65049.81
70725.82
71673.09
69419.11
69477.26
70107.07
72371.375
65049.81
69419.11
70725.82
70107.07
69419.11
69419.11
69419.11
70976.555
70107.07
69419.11
69419.11
69419.11
71064.664
68311.42
71064.664
69389.15
71064.664
72371.375
65107.96
69419.11
69419.11
70976.555
71752.625
71047.47
71064.664
71064.664
71810.78
70976.555
70107.07
69419.11
69419.11
69419.11
73318.65
71673.09
71752.625
70107.07
71752.625
69419.11
70725.82
69419.11
69331.0
69331.0
69419.11
69419.11
71064.664
68311.42
69419.11
69477.26
68311.42
70107.07
69419.11
69419.11
69419.11
70107.07
69419.11
70725.82
70725.82
70107.07
69419.11
69419.11
72371.375
69419.11
69331.0
69419.11
65049.81
65107.96
65049.81
69419.11
69419.11
70165.23
69419.11
70107.07
70107.07
69419.11
69477.26
70107.07
69419.11
69419.11
70107.07
69419.11
65049.81
66695.37
69331.0
69419.11
65049.81
71064.664
69419.11
69419.11
69419.11
71752.625
65049.81
70976.555
69419.11
69419.11
69419.11
70107.07
69331.0
71064.664
71752.625
69477.26
69419.11
65049.81
69419.11
69419.11
69419.11
70976.555
69477.26
65049.81
70783.98
69419.11
69419.11
69419.11
68311.42
71122.82
69477.26
69477.26
69419.11
71752.625
71064.664
71064.664
69419.11
69419.11
69592.766
71238.33
71752.625
71064.664
69419.11
69419.11
70107.07
69419.11
69331.0
70107.07
68311.42
69419.11
71064.664
69419.11
69419.11
69419.11
67838.73
69331.0
69419.11
69419.11
69419.11
69419.11
70107.07
70107.07
66695.37
70107.07
70107.07
70107.07
70107.07
70107.07
71064.664
69419.11
69419.11
70107.07
70107.07
69419.11
70107.07
70107.07
65049.81
69419.11
69419.11
69331.0
73318.65
65049.81
69419.11
69331.0
69419.11
69477.26
69419.11
69419.11
71064.664
70107.07
70107.07
69419.11
72371.375
69419.11
70107.07
65107.96
65049.81
69419.11
71752.625
71673.09
71105.62
71064.664
70165.23
68311.42
70107.07
69419.11
71752.625
71064.664
69331.0
71752.625
71047.47
70976.555
69419.11
71047.47
70107.07
70107.07
69419.11
69419.11
69419.11
69419.11
70165.23
69331.0
69419.11
71064.664
69419.11
71731.25
70725.82
69419.11
70725.82
71752.625
69419.11
69331.0
71752.625
70107.07
69419.11
71064.664
65049.81
71673.09
69419.11
69331.0
70107.07
70107.07
70107.07
65049.81
69419.11
69419.11
69419.11
71064.664
69419.11
69419.11
71752.625
69419.11
71673.09
69419.11
69419.11
69419.11
69419.11
69419.11
69419.11
67838.73
70107.07
70107.07
69419.11
69419.11
69419.11
71810.78
71047.47
70165.23
69419.11
70107.07
69419.11
71752.625
69419.11
70107.07
65049.81
70725.82
71047.47
71064.664
69419.11
69419.11
69419.11
70976.555
69331.0
70107.07
65049.81
69331.0
70725.82
70107.07
69419.11
69419.11
70976.555
65049.81
69419.11
71047.47
71731.25
71122.82
69331.0
69419.11
70107.07
70107.07
70976.555
69419.11
70725.82
70976.555
71064.664
70783.98
71047.47
69419.11
70725.82
71752.625
71064.664
71122.82
69419.11
69477.26
68311.42
69419.11
70107.07
69419.11
65049.81
71064.664
69419.11
69419.11
69419.11
69419.11
72693.02
69419.11
69419.11
71752.625
69419.11
69419.11
69419.11
71752.625
65049.81
69419.11
69419.11
70107.07
69419.11
65049.81
70107.07
71122.82
69419.11
67838.73
69419.11
69419.11
69419.11
71064.664
69419.11
65049.81
65049.81
71064.664
71064.664
69419.11
69419.11
69419.11
71752.625
70976.555
69419.11
69419.11
71064.664
69419.11
71752.625
68369.58
69477.26
69419.11
69419.11
69419.11
68311.42
69419.11
70107.07
69419.11
68311.42
71064.664
69419.11
69419.11
70107.07
70725.82
71047.47
71047.47
69419.11
69419.11
70107.07
69419.11
70725.82
70107.07
70107.07
69419.11
69956.98
69389.15
65049.81
69419.11
69419.11
69419.11
70107.07
70976.555
69419.11
71810.78
69419.11
69419.11
69419.11
69419.11
69419.11
65049.81
70976.555
70107.07
67838.73
69419.11
70107.07
70107.07
69419.11
71034.71
70976.555
69331.0
65049.81
70107.07
69331.0
69419.11
69477.26
71810.78
69477.26
69389.15
70165.23
71105.62
71122.82
69477.26
69477.26
71105.62
69477.26
72751.18
69477.26
66753.52
69477.26
69477.26
71122.82
70280.734
65107.96
70783.98
69389.15
70165.23
69477.26